# X   Y
9 3.848117
10 3.848117
11 3.848117
12 3.848117
13 3.848117
14 7.628083
15 10.875752
16 4.909239
17 4.363768
18 5.040682
19 4.714621
20 4.714621
21 4.714621
22 6.262405
23 3.755190
24 3.484206
25 2.044376
26 3.072351
27 3.072351
28 3.072351
29 2.048234
30 2.048234
35 1.318513
36 1.318513
37 1.318513
38 1.318513
41 4.848566
42 3.182618
43 3.182618
44 4.734363
45 5.279525
46 10.169269
47 9.063126
48 11.959342
49 11.959342
51 10.094061
52 9.501818
53 13.009709
54 4.958140
55 5.664809
56 3.487341
57 2.324894
58 3.654545
59 4.872727
60 11.675990
61 8.856483
62 6.384330
63 6.950564
64 6.675277
65 9.294868
66 11.391004
67 9.725433
68 10.385410
69 9.820847
70 9.407176
71 10.260718
72 7.961423
73 7.933011
74 9.311942
75 6.343377
76 5.468451
77 6.355592
78 6.124492
79 4.791841
80 4.192861
81 4.425472
82 4.690110
83 4.805457
84 4.534289
85 6.941393
86 6.941393
87 7.255198
88 8.048635
89 10.271739
90 10.799008
93 11.030488
96 9.445859
97 13.157731
103 12.896306
119 13.017991
